Run,Messages,Loss,Corruption,Time_bw_messages,Application_A,Transport_A,Transport_B,Application_B,Total_time,Throughput
1,1000,0.2,0.0,50.0,1000,24361,8964,18,49759.507812,0.000362
2,1000,0.2,0.0,50.0,1000,24091,8745,10,48956.875000,0.000204
3,1000,0.2,0.0,50.0,1000,24355,8969,20,49978.484375,0.000400
4,1000,0.2,0.0,50.0,1000,23872,8748,42,50116.968750,0.000838
5,1000,0.2,0.0,50.0,1000,25243,9215,27,52098.671875,0.000518
6,1000,0.2,0.0,50.0,1000,25464,9259,1,51321.050781,0.000019
7,1000,0.2,0.0,50.0,1000,23476,8588,64,50454.320312,0.001268
8,1000,0.2,0.0,50.0,1000,24043,8689,5,48566.316406,0.000103
9,1000,0.2,0.0,50.0,1000,23852,8763,21,48955.640625,0.000429
